&BEAMS3D_INPUT
  NR = 64
  NZ = 64
  NPHI = 32
  RMIN =   7.45854
  RMAX =   28.41379
  ZMIN =  -9.00279
  ZMAX =   9.00279
  PHIMIN =  0.
  PHIMAX =  6.28318530718
  INT_TYPE = 'LSODE'
  FOLLOW_TOL =  1.E-12
  VC_ADAPT_TOL =  1.E-3
  NPOINC = 100
