&quasisymmetry
 general_option="single"
 finite_r_option="nonlinear"
 order_r_option="r3_flux_constraint"
 N_phi=451
 nfp = 4
 eta_bar = 2.009861401881025
 R0c = 1.000000000000000000e+00,2.353467134856896403e-01,3.237074193555824347e-02,2.893058867692969559e-03,-9.979729683116764051e-06,-4.947079146209497152e-05,-6.727682996979160476e-06,-2.168673579025840185e-07,-2.199517718473966549e-08,
 Z0s = 1.000000000000000000e+00,2.135039765111700349e-01,3.082345239119882799e-02,2.900689597859018500e-03,1.273123847529912470e-05,-4.385318742563810816e-05,-5.201229091310175027e-06,1.938597596532624769e-07,3.340680641223507374e-08,
 B2c = 0.014978229496948308
 B2s = 0.0
 sigma_initial = 0.0
 I2_over_B0 = 0.0
 p2 = 0.0
 r = 0.16666666666666666
 vmec_template_filename = "/Users/rogeriojorge/local/NearAxis_Optimization/Executables/quasisymmetry.VMECexample"
 r_singularity_high_order = T
 r_singularity_Newton_iterations = 20
 r_singularity_line_search = 10
/
