&quasisymmetry
 general_option="single"
 finite_r_option="nonlinear"
 order_r_option="r3_flux_constraint"
 N_phi=451
 nfp = 2
 eta_bar = 0.5638571249135147
 R0c = 1.000000000000000000e+00,-1.581077057789473106e-01,9.353750115945785176e-03,-4.333034563751680794e-04,1.499146972017587434e-04,-4.608369248451756934e-05,1.589119749945724271e-05,-5.687144986446835784e-06,1.442686183537192247e-06,
 Z0s = 0.000000000000000000e+00,1.397419847155038364e-01,-9.360517987634419182e-03,-6.362118365517265700e-04,2.379386212276350459e-04,-4.300425180667911539e-05,1.437950542490064792e-05,-6.443506237125144757e-06,1.333855561160626774e-06,
 B2c = -1.998280780569248
 B2s = 0.0
 sigma_initial = 0.0
 I2_over_B0 = 0.0
 p2 = -500000.0
 r = 0.06666666666666667
 vmec_template_filename = "/Users/rogeriojorge/local/NearAxis_Optimization/Executables/quasisymmetry.VMECexample"
 r_singularity_high_order = T
 r_singularity_Newton_iterations = 20
 r_singularity_line_search = 10
/
