&quasisymmetry
 general_option="single"
 finite_r_option="nonlinear"
 order_r_option="r3_flux_constraint"
 N_phi=451
 nfp = 5
 eta_bar = 2.79069698552972
 R0c = 1.000000000000000000e+00,1.521724412489351974e-01,8.608686214203631337e-03,-1.533514885008067626e-03,-3.439602661723853276e-04,1.282175094435371898e-05,1.144086780318725294e-05,8.841412711585241544e-07,
 Z0s = 0.000000000000000000e+00,1.252936144070486424e-01,7.669807678622626683e-03,-1.309123817407611360e-03,-3.133240336283611336e-04,1.085715051235986539e-05,1.095134398534256582e-05,3.071252875189506975e-07,
 B2c = 0.34939577005839684
 B2s = 0.0
 sigma_initial = 0.0
 I2_over_B0 = 0.0
 p2 = -1000000.0
 r = 0.08333333333333333
 vmec_template_filename = "/Users/rogeriojorge/local/NearAxis_Optimization/Executables/quasisymmetry.VMECexample"
 r_singularity_high_order = T
 r_singularity_Newton_iterations = 20
 r_singularity_line_search = 10
/
