&quasisymmetry
 general_option="single"
 finite_r_option="nonlinear"
 order_r_option="r3_flux_constraint"
 N_phi=451
 nfp = 5
 eta_bar = 2.791699134827982
 R0c = 1.000000000000000000e+00,1.521705378125116914e-01,8.608428253641954228e-03,-1.533462820668215652e-03,-3.439139702532906327e-04,1.284306573446699670e-05,1.141573190819108380e-05,8.737608607750085775e-07,
 Z0s = 0.000000000000000000e+00,1.252893953679924399e-01,7.670099714175381694e-03,-1.308954577132054363e-03,-3.132570846204648231e-04,1.093829395758408845e-05,1.098008004221807407e-05,3.002914074055401245e-07,
 B2c = 0.34683994313442335
 B2s = 0.0
 sigma_initial = 0.0
 I2_over_B0 = 0.0
 p2 = -1000000.0
 r = 0.08333333333333333
 vmec_template_filename = "/Users/rogeriojorge/local/NearAxis_Optimization/Executables/quasisymmetry.VMECexample"
 r_singularity_high_order = T
 r_singularity_Newton_iterations = 20
 r_singularity_line_search = 10
/
