&quasisymmetry
 general_option="single"
 finite_r_option="nonlinear"
 order_r_option="r3_flux_constraint"
 N_phi=451
 nfp = 5
 eta_bar = 2.7891310589370244
 R0c = 1.000000000000000000e+00,1.522248334574351214e-01,8.642939860311374747e-03,-1.528645358612830971e-03,-3.459957233202584897e-04,1.165572138992107171e-05,1.130756880631447166e-05,9.118071743105137843e-07,
 Z0s = 0.000000000000000000e+00,1.253011127098132282e-01,7.678983189607204406e-03,-1.312714130078544705e-03,-3.164361498579385218e-04,9.631344765435729925e-06,1.076968572850603812e-05,3.849811197958665254e-07,
 B2c = 0.34376247395848925
 B2s = 0.0
 sigma_initial = 0.0
 I2_over_B0 = 0.0
 p2 = -1000000.0
 r = 0.07142857142857142
 vmec_template_filename = "/Users/rogeriojorge/local/NearAxis_Optimization/Executables/quasisymmetry.VMECexample"
 r_singularity_high_order = T
 r_singularity_Newton_iterations = 20
 r_singularity_line_search = 10
/
