&quasisymmetry
 general_option="single"
 finite_r_option="nonlinear"
 order_r_option="r3_flux_constraint"
 N_phi=451
 nfp = 5
 eta_bar = 2.788143445397788
 R0c = 1.000000000000000000e+00,1.522250374528676675e-01,8.643014779434653183e-03,-1.528645358505053902e-03,-3.459957233227212007e-04,1.165572138992627249e-05,1.130756880631438526e-05,9.118071743105142078e-07,
 Z0s = 0.000000000000000000e+00,1.252993226113757186e-01,7.678578044264318045e-03,-1.312742833713207184e-03,-3.164361498580318174e-04,9.631344765435701126e-06,1.076968571591707193e-05,3.849811197964361021e-07,
 B2c = 0.34632953958054613
 B2s = 0.0
 sigma_initial = 0.0
 I2_over_B0 = 0.0
 p2 = -1000000.0
 r = 0.08333333333333333
 vmec_template_filename = "/Users/rogeriojorge/local/NearAxis_Optimization/Executables/quasisymmetry.VMECexample"
 r_singularity_high_order = T
 r_singularity_Newton_iterations = 20
 r_singularity_line_search = 10
/
