 ====================== PARALLEL TIMINGS ====================
               total  :        0.819518
                rank  :               0
mgrid file read time  :        0.000000
        No. of procs  :               8

      --- non-vacuum  :             415             16              8       0.731755

             runvmec  :        0.818950

         init radial  :        0.000000
             eqsolve  :        0.737658
             fileout  :        0.074851

              evolve  :        0.734886
             funct3d  :        0.731755
            nfunct3d  :             415

             totzsps  :        0.141194
             totzspa  :        0.000000
              symrzl  :        0.000000
            jacobian  :        0.092150
              bcovar  :        0.058131
              vacuum  :        0.000000

            - precal  :        0.000000
           - surface  :        0.000000

           - bextern  :        0.000000

           -- becoil  :        0.000000
           -- tolicu  :        0.000000
           -- belicu  :        0.000000

           - scalpot  :        0.000000

           -- analyt  :        0.000000
           -- greenf  :        0.000000
            -- fourp  :        0.000000
            -- fouri  :        0.000000

            - solver  :        0.000000

               alias  :        0.065570
              forces  :        0.031670
           symforces  :        0.000000
             tomnsps  :        0.086718
             tomnspa  :        0.000000
             residue  :        0.248554
          -- tridslv  :        0.119932

 ============================================================

           allgather  :        0.120283
           allreduce  :        0.088548
           broadcast  :        0.001215
           sendrecv   :        0.012263

     Fill_blocks      :        0.000000
     Compute blocks   :        0.000000
     Forward solve    :        0.000000
     Backward solve   :        0.000000
 ============================================================
