&quasisymmetry
 general_option="single"
 finite_r_option="nonlinear"
 order_r_option="r3_flux_constraint"
 N_phi=451
 nfp = 4
 eta_bar = 1.096487001424194
 R0c = 1.000000000000000000e+00,5.178784404326630675e-01,-4.424782585887367115e-02,9.423311753794298001e-03,6.855570108155252832e-04,2.208553146897592866e-03,-1.340932181779450625e-03,2.921832282006413305e-04,
 Z0s = 0.000000000000000000e+00,5.160627570612975612e-01,-1.970682168578154897e-02,2.000625137612522392e-02,-8.786505301953535753e-04,2.388275820849969193e-03,-5.682651952807945541e-04,4.572541048290057562e-04,
 B2c = -1.8171228141489864
 B2s = 0.0
 sigma_initial = 0.0
 I2_over_B0 = 0.0
 p2 = -500000.0
 r = 0.05
 vmec_template_filename = "/Users/rogeriojorge/local/NearAxis_Optimization/Executables/quasisymmetry.VMECexample"
 r_singularity_high_order = T
 r_singularity_Newton_iterations = 20
 r_singularity_line_search = 10
/
