&quasisymmetry
 general_option="single"
 finite_r_option="nonlinear"
 order_r_option="r3_flux_constraint"
 N_phi=451
 nfp = 2
 eta_bar = 0.8905266596225234
 R0c = 1.000000000000000000e+00,-4.766194396413051537e-01,-1.498037786569486884e-01,-2.999845019835776713e-02,-7.874692027606671266e-03,-2.859394310975716443e-03,-1.076790413770193234e-03,-3.262113966376336779e-04,-7.633315042161772338e-05,-3.791050891167763192e-06,
 Z0s = 0.000000000000000000e+00,4.555843051016955081e-01,1.509790019214372891e-01,3.252442312509880307e-02,8.885742332703972304e-03,3.046472940457130730e-03,1.042684784197748940e-03,3.011270393338431406e-04,5.336294396494441390e-05,-8.475011657605324049e-06,
 B2c = 0.2943465364436276
 B2s = 0.0
 sigma_initial = 0.0
 I2_over_B0 = 0.0
 p2 = 0.0
 r = 0.01
 vmec_template_filename = "/Users/rogeriojorge/local/NearAxis_Optimization/Executables/quasisymmetry.VMECexample"
 r_singularity_high_order = T
 r_singularity_Newton_iterations = 20
 r_singularity_line_search = 10
/
