&quasisymmetry
 general_option="single"
 finite_r_option="nonlinear"
 order_r_option="r3_flux_constraint"
 N_phi=451
 nfp = 4
 eta_bar = 1.1774213377118163
 R0c = 1.000000000000000000e+00,4.890168158086664607e-01,7.866833907333267706e-02,-3.988981256181756314e-03,-3.851807565070815721e-03,9.832042786224607159e-04,1.402057438546468410e-03,5.469202893270080999e-04,8.469474285514097935e-05,
 Z0s = 1.000000000000000000e+00,-4.044321669077700632e-01,-6.860068919954513678e-02,-1.738157348931455284e-03,-4.663777216347447145e-05,-1.882013016647240966e-03,-1.402362421954779590e-03,-5.515360428790580917e-04,-1.048275863057389757e-04,
 B2c = -0.9336381190413221
 B2s = 0.0
 sigma_initial = 0.0
 I2_over_B0 = 0.0
 p2 = -500000.0
 r = 0.045454545454545456
 vmec_template_filename = "/Users/rogeriojorge/local/NearAxis_Optimization/Executables/quasisymmetry.VMECexample"
 r_singularity_high_order = T
 r_singularity_Newton_iterations = 20
 r_singularity_line_search = 10
/
