&quasisymmetry
 general_option="single"
 finite_r_option="nonlinear"
 order_r_option="r3_flux_constraint"
 N_phi=451
 nfp = 3
 eta_bar = 0.5891397568351997
 R0c = 1.000000000000000000e+00,5.089081600407128342e-02,1.701190264635825183e-03,1.105470109461782058e-04,1.812057283970308397e-05,-2.069567917922587052e-06,
 Z0s = 0.000000000000000000e+00,-5.962436082168420109e-02,-3.123485425924091632e-03,-5.769159501725202286e-05,1.270871685413140818e-05,1.610690145954140715e-06,
 B2c = -3.212844879693586
 B2s = 0.0
 sigma_initial = 0.0
 I2_over_B0 = 0.0
 p2 = -500000.0
 r = 0.08333333333333333
 vmec_template_filename = "/Users/rogeriojorge/local/NearAxis_Optimization/Executables/quasisymmetry.VMECexample"
 r_singularity_high_order = T
 r_singularity_Newton_iterations = 20
 r_singularity_line_search = 10
/
