&quasisymmetry
 general_option="single"
 finite_r_option="nonlinear"
 order_r_option="r3_flux_constraint"
 N_phi=451
 nfp = 3
 eta_bar = 1.1468556706440256
 R0c = 1.000000000000000000e+00,6.017188333339238415e-01,-5.013160291495113996e-02,-5.950915697451480448e-03,4.639500205748485484e-03,5.181849976044791521e-04,-9.021840397330220963e-04,3.209115944516086560e-05,2.790344592339448699e-04,-9.405544457236125809e-05,
 Z0s = 0.000000000000000000e+00,-5.670143663357554153e-01,4.828670600798457696e-02,1.271283408925530812e-03,-1.904306262411275359e-03,4.820921590202038431e-04,5.270817704207780672e-05,5.599588943640311116e-05,-1.442108409911304983e-04,1.292277548494176064e-04,
 B2c = -0.25130771525326506
 B2s = 0.0
 sigma_initial = 0.0
 I2_over_B0 = 0.0
 p2 = 0.0
 r = 0.02
 vmec_template_filename = "/Users/rogeriojorge/local/NearAxis_Optimization/Executables/quasisymmetry.VMECexample"
 r_singularity_high_order = T
 r_singularity_Newton_iterations = 20
 r_singularity_line_search = 10
/
